Type	Size	AverageTime(microsec)	Comparisons
random	1000	0	16143
random	2000	0	34207
random	3000	329	53005
random	4000	652	77661
random	5000	666	97739
random	6000	700	117137
random	7000	1473	144605
random	8000	666	176105
random	9000	1725	196534
random	10000	1413	215080
random	11000	1586	240840
random	12000	0	273076
random	13000	5578	281547
random	14000	3420	306278
random	15000	2577	332218
random	16000	3333	363202
random	17000	4234	398008
random	18000	731	418904
random	19000	3919	460952
random	20000	5716	467012
random	21000	5219	486984
random	22000	4973	508770
random	23000	4912	565203
random	24000	4890	578635
random	25000	5479	589781
random	26000	5695	637718
random	27000	5403	642544
random	28000	9178	688409
random	29000	5160	695621
random	30000	4761	719843
random	31000	3935	774150
random	32000	5387	777790
random	33000	6493	810228
random	34000	5663	849650
random	35000	3787	863031
random	36000	5594	894011
random	37000	3733	914027
random	38000	6405	973477
random	39000	4678	998408
random	40000	6772	1009542
random	41000	4016	1006942
random	42000	7782	1073295
random	43000	6840	1108098
random	44000	9041	1099639
random	45000	8576	1162038
random	46000	5699	1197333
random	47000	5581	1192295
random	48000	7353	1236154
random	49000	8068	1237607
random	50000	8632	1255132
random	51000	7581	1320524
random	52000	7026	1322412
random	53000	7574	1373291
random	54000	7111	1472833
random	55000	8950	1444758
random	56000	9646	1482544
random	57000	11181	1520317
random	58000	7367	1539451
random	59000	9925	1553940
random	60000	10581	1576884
random	61000	7845	1628972
random	62000	12668	1628699
random	63000	7877	1638707
random	64000	11494	1714851
random	65000	11277	1855013
random	66000	10899	1776731
random	67000	11287	1754703
random	68000	12466	1875754
random	69000	11719	1819334
random	70000	13900	1851156
random	71000	10841	1892681
random	72000	17473	2015427
random	73000	15930	1943429
random	74000	14403	1951181
random	75000	9605	1999756
random	76000	11006	2075651
random	77000	16246	2114324
random	78000	15317	2180202
random	79000	13177	2101234
random	80000	13197	2166601
random	81000	13141	2170959
random	82000	12834	2248622
random	83000	16544	2223758
random	84000	13393	2269923
random	85000	12086	2323850
random	86000	14479	2371591
random	87000	18373	2348000
random	88000	16631	2401119
random	89000	16787	2479214
random	90000	16711	2428535
random	91000	13472	2518456
random	92000	16665	2542069
random	93000	16701	2541002
random	94000	18456	2671133
random	95000	18440	2576148
random	96000	16611	2726198
random	97000	16379	2608892
random	98000	16167	2774228
random	99000	18159	2873961
random	100000	16772	2734539
increasing	1000	0	12125
increasing	2000	0	25626
increasing	3000	0	45621
increasing	4000	334	56170
increasing	5000	335	77319
increasing	6000	374	86058
increasing	7000	1022	114317
increasing	8000	639	138480
increasing	9000	523	164786
increasing	10000	679	164071
increasing	11000	0	187833
increasing	12000	1013	199489
increasing	13000	784	227966
increasing	14000	695	240948
increasing	15000	1258	268282
increasing	16000	1272	282138
increasing	17000	1651	325963
increasing	18000	2778	329173
increasing	19000	1703	324786
increasing	20000	4280	340366
increasing	21000	200	380513
increasing	22000	4452	406079
increasing	23000	3186	449106
increasing	24000	859	463031
increasing	25000	5017	458390
increasing	26000	3701	511202
increasing	27000	381	519039
increasing	28000	6074	540293
increasing	29000	4047	559812
increasing	30000	4103	554632
increasing	31000	0	581817
increasing	32000	2304	616905
increasing	33000	4915	657159
increasing	34000	5226	674622
increasing	35000	4673	672055
increasing	36000	5178	704907
increasing	37000	5638	716174
increasing	38000	5306	755230
increasing	39000	5512	726249
increasing	40000	7478	774790
increasing	41000	1780	778620
increasing	42000	6175	811384
increasing	43000	4827	891888
increasing	44000	5817	862253
increasing	45000	5560	850647
increasing	46000	5904	958157
increasing	47000	6185	925400
increasing	48000	2289	916607
increasing	49000	2635	959265
increasing	50000	1774	1025934
increasing	51000	3940	999789
increasing	52000	3508	1017159
increasing	53000	5836	1033720
increasing	54000	6839	1093256
increasing	55000	4566	1065152
increasing	56000	3953	1088986
increasing	57000	6052	1124990
increasing	58000	2371	1164355
increasing	59000	3941	1229514
increasing	60000	5739	1229948
increasing	61000	1530	1257110
increasing	62000	3497	1299441
increasing	63000	6861	1263898
increasing	64000	4935	1356122
increasing	65000	4144	1335776
increasing	66000	5265	1339948
increasing	67000	5234	1349847
increasing	68000	5464	1331040
increasing	69000	2276	1439814
increasing	70000	5379	1462956
increasing	71000	5599	1550448
increasing	72000	5975	1446260
increasing	73000	5630	1514423
increasing	74000	5930	1516926
increasing	75000	5121	1636070
increasing	76000	5427	1593515
increasing	77000	5615	1616014
increasing	78000	6145	1633592
increasing	79000	8755	1716374
increasing	80000	5760	1649638
increasing	81000	5605	1665775
increasing	82000	5120	1657272
increasing	83000	5590	1687545
increasing	84000	5595	1681957
increasing	85000	5717	1813882
increasing	86000	5700	1771039
increasing	87000	5436	1812439
increasing	88000	5653	1801172
increasing	89000	5797	1807167
increasing	90000	5883	1916906
increasing	91000	5588	1943386
increasing	92000	11120	1973365
increasing	93000	10100	2135506
increasing	94000	7381	2016081
increasing	95000	7227	2140332
increasing	96000	6669	2132478
increasing	97000	5558	2100513
increasing	98000	9178	2121839
increasing	99000	12223	2167888
increasing	100000	7519	2144782
decreasing	1000	0	14091
decreasing	2000	0	29092
decreasing	3000	0	49385
decreasing	4000	332	65840
decreasing	5000	742	84110
decreasing	6000	665	100011
decreasing	7000	333	119169
decreasing	8000	1312	136370
decreasing	9000	662	162904
decreasing	10000	1243	182418
decreasing	11000	665	202744
decreasing	12000	0	206752
decreasing	13000	968	233540
decreasing	14000	1205	252688
decreasing	15000	336	274842
decreasing	16000	1338	296782
decreasing	17000	1870	315397
decreasing	18000	493	363520
decreasing	19000	3604	355040
decreasing	20000	0	365148
decreasing	21000	4451	426371
decreasing	22000	2501	425710
decreasing	23000	2255	502052
decreasing	24000	4822	474605
decreasing	25000	3507	500839
decreasing	26000	699	500758
decreasing	27000	5000	543186
decreasing	28000	4054	547094
decreasing	29000	3546	549610
decreasing	30000	268	601711
decreasing	31000	6118	610542
decreasing	32000	4939	639158
decreasing	33000	4149	641694
decreasing	34000	3313	690198
decreasing	35000	0	702163
decreasing	36000	2373	713242
decreasing	37000	2310	730630
decreasing	38000	4641	797015
decreasing	39000	4882	799910
decreasing	40000	16754	788159
decreasing	41000	5069	834417
decreasing	42000	7066	857658
decreasing	43000	5718	916851
decreasing	44000	5740	971980
decreasing	45000	5923	934052
decreasing	46000	2159	993753
decreasing	47000	1362	967732
decreasing	48000	3620	1042365
decreasing	49000	5618	1014237
decreasing	50000	6913	1069517
decreasing	51000	2168	1070575
decreasing	52000	3981	1127354
decreasing	53000	5556	1114983
decreasing	54000	7169	1109101
decreasing	55000	4282	1139395
decreasing	56000	4174	1188592
decreasing	57000	1756	1208511
decreasing	58000	3679	1193087
decreasing	59000	5198	1266950
decreasing	60000	3755	1278605
decreasing	61000	5168	1244527
decreasing	62000	3871	1343135
decreasing	63000	4813	1336982
decreasing	64000	3613	1413234
decreasing	65000	5315	1409313
decreasing	66000	3809	1495200
decreasing	67000	5478	1444686
decreasing	68000	5581	1488448
decreasing	69000	3737	1540162
decreasing	70000	3800	1523084
decreasing	71000	6790	1564318
decreasing	72000	5590	1710923
decreasing	73000	3902	1613587
decreasing	74000	5368	1600545
decreasing	75000	5704	1603453
decreasing	76000	6524	1684276
decreasing	77000	6258	1643938
decreasing	78000	8717	1823662
decreasing	79000	8646	1707123
decreasing	80000	7494	1879482
decreasing	81000	5606	1708907
decreasing	82000	5375	1777197
decreasing	83000	5634	1804792
decreasing	84000	9012	1954281
decreasing	85000	9412	1945345
decreasing	86000	10454	2039097
decreasing	87000	7913	1939856
decreasing	88000	6207	2000198
decreasing	89000	5632	2111488
decreasing	90000	9851	2126762
decreasing	91000	7775	2254303
decreasing	92000	6618	2142770
decreasing	93000	8781	2187147
decreasing	94000	10338	2134564
decreasing	95000	7974	2201608
decreasing	96000	6120	2213964
decreasing	97000	9727	2070414
decreasing	98000	7502	2279833
decreasing	99000	9703	2193416
decreasing	100000	7239	2436591
